1439141 113.9698030 22.6839680 29.00 100.0 20140930 235856 1 0  
1439141 113.9742200 22.6801470 46.00 140.0 20140930 235956 1 0  
1439141 113.9782490 22.6758500 0.00 130.0 20141001 000203 0 0  
1439141 113.9930730 22.6663020 0.00 130.0 20141001 000503 0 0  
1439141 113.9930730 22.6663020 0.00 130.0 20141001 000418 0 0  
1439141 113.9979560 22.6618080 43.00 130.0 20141001 000555 1 0  
1439141 114.0028380 22.6551210 33.00 140.0 20141001 000655 1 0  
1439141 114.0103760 22.6446670 67.00 140.0 20141001 000855 1 0  
1439141 114.0179520 22.6380140 64.00 100.0 20141001 000955 1 0  
1439141 113.8108830 22.6276250 0.00 0.0 20141001 033616 1 0  
1439141 113.8108830 22.6276250 0.00 0.0 20141001 033616 1 0  
1439141 113.8101580 22.6274070 0.00 240.0 20141001 033616 0 0  
1439141 113.8100200 22.6271950 0.00 0.0 20141001 033742 0 0  
1439141 113.8201220 22.6124400 79.00 50.0 20141001 034226 1 1  
1439141 113.8201220 22.6124400 79.00 50.0 20141001 034226 1 1  
1439141 113.8315890 22.6179160 79.00 60.0 20141001 034325 1 1  
1439141 113.8315890 22.6179160 79.00 60.0 20141001 034325 1 1  
1439141 113.8538360 22.6257630 67.00 90.0 20141001 034525 1 1  
1439141 113.9632420 22.5420610 7.00 110.0 20141001 035925 1 1  
1439141 113.9632420 22.5420610 7.00 110.0 20141001 035925 1 1  
1439141 113.9716420 22.5391770 0.00 280.0 20141001 040125 0 1  
1439141 113.9641570 22.5416530 48.00 110.0 20141001 040825 1 0  
1439141 113.9815440 22.5361440 6.00 90.0 20141001 041025 1 0  
1439141 114.0117110 22.5371420 49.00 80.0 20141001 041525 1 0  
1439141 114.0473790 22.5422970 9.00 110.0 20141001 042013 1 1  
1439141 114.0473790 22.5422970 9.00 110.0 20141001 042013 1 1  
1439141 114.0482710 22.5423010 40.00 80.0 20141001 042025 1 1  
1439141 114.0580750 22.5359130 43.00 170.0 20141001 042325 1 1  
1439141 114.0580750 22.5359130 0.00 170.0 20141001 042430 0 1  
1439141 114.0569990 22.5258730 0.00 250.0 20141001 042724 0 1  
1439141 114.0539470 22.5258520 36.00 260.0 20141001 042725 1 0  
1439141 114.1021190 22.5618630 0.00 260.0 20141001 044740 0 0  
1439141 114.1016390 22.5617920 0.00 260.0 20141001 044707 1 0  
1439141 114.1016390 22.5617920 0.00 260.0 20141001 044707 1 0  
1439141 114.1259540 22.5770630 0.00 80.0 20141001 045157 0 0  
1439141 114.1358870 22.5758590 55.00 110.0 20141001 045207 1 0  
1439141 114.1358870 22.5758590 55.00 110.0 20141001 045207 1 0  
1439141 114.1372760 22.5759300 0.00 170.0 20141001 045304 0 0  
1439141 114.1372760 22.5759300 0.00 170.0 20141001 045455 0 0  
1439141 114.1358800 22.5782600 38.00 0.0 20141001 050414 1 0  
1439141 114.1418830 22.5835280 0.00 40.0 20141001 050706 0 0  
1439141 114.1512450 22.5932520 52.00 50.0 20141001 050814 1 0  
1439141 114.1644670 22.6051240 31.00 80.0 20141001 051114 1 0  
1439141 114.1653590 22.6053100 0.00 90.0 20141001 053723 0 0  
1439141 114.1653590 22.6053100 0.00 90.0 20141001 060553 0 0  
1439141 114.1653590 22.6053100 0.00 90.0 20141001 060734 0 0  
1439141 114.1653590 22.6053100 0.00 90.0 20141001 060734 0 0  
1439141 114.1653750 22.6053030 0.00 80.0 20141001 061006 0 0  
1439141 114.1639020 22.6053300 8.00 50.0 20141001 061207 1 0  
1439141 114.1638720 22.6053700 0.00 50.0 20141001 061218 0 0  
1439141 114.1638870 22.6052840 0.00 50.0 20141001 061738 1 0  
1439141 114.1638110 22.6053120 0.00 50.0 20141001 062028 1 0  
1439141 114.1638110 22.6053120 0.00 50.0 20141001 062610 1 0  
1439141 114.1638110 22.6053120 0.00 50.0 20141001 064822 1 0  
1439141 114.1639100 22.6053140 1.00 0.0 20141001 064922 0 0  
1439141 114.1635280 22.6053370 0.00 0.0 20141001 065305 1 0  
1439141 114.1453930 22.5855150 43.00 190.0 20141001 065722 1 0  
1439141 114.1453930 22.5855150 43.00 190.0 20141001 065722 1 0  
1439141 114.1376270 22.5714590 23.00 180.0 20141001 070022 1 0  
1439141 114.1290280 22.5613250 46.00 240.0 20141001 070422 1 0  
1439141 114.1290280 22.5613250 46.00 240.0 20141001 070422 1 0  
1439141 114.1269680 22.5575920 17.00 130.0 20141001 070610 1 1  
1439141 114.1269680 22.5575920 17.00 130.0 20141001 070610 1 1  
1439141 114.1240120 22.5413200 60.00 230.0 20141001 070922 1 1  
1439141 114.0772930 22.5324760 52.00 210.0 20141001 071422 1 1  
1439141 114.0678480 22.5236910 5.00 100.0 20141001 071722 1 1  
1439141 114.0678480 22.5236910 0.00 100.0 20141001 071832 0 1  
1439141 114.0678480 22.5236910 0.00 100.0 20141001 071832 0 1  
1439141 114.0749280 22.5346780 23.00 130.0 20141001 072405 1 1  
1439141 114.0505830 22.5168950 0.00 190.0 20141001 073709 0 0  
1439141 114.0505830 22.5168950 0.00 190.0 20141001 073709 0 0  
1439141 114.0547100 22.5152440 24.00 70.0 20141001 073621 1 0  
1439141 114.0566940 22.5144600 0.00 0.0 20141001 073740 0 0  
1439141 114.0566940 22.5144600 0.00 0.0 20141001 073830 0 0  
1439141 114.0565950 22.5144820 1.00 0.0 20141001 073921 1 0  
1439141 114.0569690 22.5144270 0.00 40.0 20141001 075003 1 0  
1439141 114.0569690 22.5144270 0.00 40.0 20141001 075003 1 0  
1439141 114.0572590 22.5145320 6.00 50.0 20141001 075311 1 1  
1439141 114.0572590 22.5145320 6.00 50.0 20141001 075312 1 1  
1439141 114.0507200 22.5165580 40.00 340.0 20141001 075613 1 1  
1439141 114.0305940 22.5560260 36.00 310.0 20141001 081312 1 0  
1439141 114.0364300 22.5557770 0.00 70.0 20141001 081912 0 0  
1439141 114.0316770 22.6088580 0.00 130.0 20141001 084026 0 0  
1439141 114.0340190 22.6067960 0.00 120.0 20141001 084126 0 0  
1439141 114.0389630 22.6020450 20.00 130.0 20141001 090617 1 1  
1439141 114.0389630 22.6020450 20.00 130.0 20141001 090617 1 1  
1439141 114.0380480 22.5996890 0.00 230.0 20141001 090823 0 1  
1439141 114.0475080 22.5899220 59.00 150.0 20141001 090954 1 1  
1439141 114.0639950 22.5772590 65.00 110.0 20141001 091054 1 1  
1439141 114.1278610 22.5771290 42.00 90.0 20141001 091954 1 1  
1439141 114.1320950 22.5744900 15.00 120.0 20141001 092154 1 1  
1439141 114.1338650 22.5722410 17.00 210.0 20141001 092254 1 1  
1439141 114.1338650 22.5722410 17.00 210.0 20141001 092254 1 1  
1439141 114.1363530 22.5606780 16.00 210.0 20141001 092954 1 0  
1439141 114.1380770 22.5600660 35.00 110.0 20141001 093054 1 0  
1439141 114.1367800 22.5568120 38.00 300.0 20141001 093154 1 0  
1439141 114.1348270 22.5584260 14.00 230.0 20141001 093354 1 0  
1439141 114.1241110 22.5524150 0.00 240.0 20141001 093919 0 0  
1439141 114.1157840 22.5577560 31.00 350.0 20141001 094854 1 0  
1439141 114.1257100 22.5450650 0.00 170.0 20141001 095936 0 1  
1439141 114.1183400 22.5375980 0.00 230.0 20141001 100155 0 1  
1439141 114.1156080 22.5352650 0.00 230.0 20141001 100954 0 1  
1439141 114.1130910 22.5333180 39.00 160.0 20141001 101155 1 0  
1439141 114.1130910 22.5333180 39.00 160.0 20141001 101155 1 0  
1439141 114.1136550 22.5341720 5.00 0.0 20141001 101355 1 0  
1439141 114.1377330 22.5703750 23.00 350.0 20141001 102655 1 1  
1439141 114.1456450 22.6097620 0.00 90.0 20141001 103808 0 1  
1439141 114.1394270 22.5767990 0.00 190.0 20141001 105055 0 1  
1439141 114.1321490 22.5624770 0.00 210.0 20141001 105555 0 1  
1439141 114.1321180 22.5624680 0.00 210.0 20141001 105655 0 1  
1439141 114.1285250 22.5569860 0.00 210.0 20141001 105855 0 1  
1439141 114.1284330 22.5568160 21.00 210.0 20141001 105955 1 1  
1439141 114.1284330 22.5568160 0.00 210.0 20141001 110026 0 1  
1439141 114.1187290 22.5441210 0.00 230.0 20141001 110755 0 0  
1439141 114.1184460 22.5440180 0.00 230.0 20141001 110955 0 1  
1439141 114.1077800 22.5472680 14.00 320.0 20141001 111455 1 1  
1439141 114.1077800 22.5472680 14.00 320.0 20141001 111455 1 1  
1439141 114.1062010 22.5534500 0.00 290.0 20141001 112055 0 0  
1439141 114.0886540 22.5628380 0.00 330.0 20141001 112850 0 1  
1439141 114.0856550 22.5691930 45.00 330.0 20141001 112854 1 1  
1439141 114.0354920 22.5677530 0.00 330.0 20141001 113854 0 1  
1439141 114.0354540 22.5678020 0.00 330.0 20141001 113954 0 1  
1439141 114.0330580 22.5659750 17.00 180.0 20141001 114316 1 1  
1439141 113.9967070 22.5559230 63.00 280.0 20141001 115054 1 1  
1439141 113.9887470 22.5564650 0.00 280.0 20141001 115254 0 0  
1439141 114.0376740 22.5304010 36.00 80.0 20141001 120354 1 0  
1439141 114.0408330 22.5308150 12.00 70.0 20141001 120436 1 1  
1439141 114.0475920 22.5373860 0.00 80.0 20141001 120923 0 1  
1439141 114.0449750 22.5579400 19.00 210.0 20141001 124653 1 1  
1439141 114.0442280 22.5469610 0.00 170.0 20141001 125158 0 1  
1439141 114.0399930 22.5424670 33.00 260.0 20141001 125143 1 1  
1439141 114.0290680 22.5405620 47.00 250.0 20141001 125343 1 1  
1439141 113.9928360 22.5337640 34.00 170.0 20141001 125943 1 1  
1439141 114.0063020 22.5489520 0.00 40.0 20141001 131214 0 0  
1439141 114.0410080 22.5305370 26.00 80.0 20141001 132942 1 1  
1439141 114.0555950 22.5493890 43.00 80.0 20141001 133641 1 0  
1439141 114.0579910 22.5509260 0.00 350.0 20141001 133741 0 0  
1439141 114.0579910 22.5509260 0.00 350.0 20141001 134039 0 0  
1439141 114.0399020 22.5636880 41.00 150.0 20141001 134442 1 1  
1439141 114.0399020 22.5636880 41.00 150.0 20141001 134442 1 1  
1439141 114.0421680 22.5433490 0.00 190.0 20141001 140242 0 0  
1439141 114.0497130 22.5374030 29.00 80.0 20141001 140942 1 0  
1439141 114.0528030 22.5379770 26.00 0.0 20141001 141042 1 0  
1439141 114.0560530 22.5363030 1.00 170.0 20141001 142411 0 1  
1439141 113.9479140 22.5153500 9.00 180.0 20141001 144211 1 1  
1439141 113.9432680 22.5065230 0.00 80.0 20141001 144611 0 0  
1439141 113.9451140 22.5072520 0.00 260.0 20141001 144811 0 0  
1439141 113.9448170 22.5069390 0.00 180.0 20141001 145137 0 0  
1439141 113.9247060 22.5271820 45.00 350.0 20141001 145911 1 1  
1439141 113.9235610 22.5432530 5.00 270.0 20141001 150211 1 1  
1439141 113.9192430 22.5434630 22.00 260.0 20141001 150311 1 1  
1439141 113.9192430 22.5434630 22.00 260.0 20141001 150311 1 1  
1439141 113.9037250 22.5617290 17.00 40.0 20141001 151011 1 1  
1439141 113.9037250 22.5617290 17.00 40.0 20141001 151011 1 1  
1439141 113.9069670 22.5645900 33.00 40.0 20141001 151111 1 1  
1439141 113.9089660 22.5690100 32.00 350.0 20141001 151211 1 1  
1439141 113.9013290 22.5646290 1.00 130.0 20141001 153711 0 0  
1439141 113.9007570 22.5591410 0.00 40.0 20141001 154250 0 0  
1439141 113.9489750 22.5215530 9.00 0.0 20141001 160510 1 0  
1439141 113.9589160 22.5228000 75.00 90.0 20141001 160910 1 0  
1439141 113.9827880 22.5230540 0.00 80.0 20141001 161315 0 0  
1439141 114.0003660 22.5299820 0.00 80.0 20141001 161316 0 0  
1439141 114.0988160 22.5380800 9.00 80.0 20141001 162310 1 0  
1439141 114.1042860 22.5378420 0.00 100.0 20141001 162610 0 0  
1439141 114.1072690 22.5370770 0.00 70.0 20141001 162825 0 0  
1439141 114.1267090 22.5427550 0.00 60.0 20141001 163332 0 0  
1439141 114.1362300 22.5574720 66.00 310.0 20141001 163410 1 0  
1439141 114.1297530 22.5519410 7.00 180.0 20141001 164034 1 0  
1439141 114.1168140 22.5482220 2.00 310.0 20141001 165034 0 1  
1439141 114.1163560 22.5493180 0.00 0.0 20141001 165242 0 1  
1439141 114.1122670 22.5588320 0.00 260.0 20141001 165842 0 1  
1439141 114.1019130 22.5575680 9.00 140.0 20141001 170034 1 1  
1439141 114.1016540 22.5558150 0.00 40.0 20141001 170251 0 0  
1439141 114.1039730 22.5533730 0.00 170.0 20141001 170434 0 0  
1439141 114.1370390 22.5757770 66.00 290.0 20141001 172234 1 1  
1439141 114.1000980 22.5715770 35.00 280.0 20141001 172635 1 1  
1439141 114.0979770 22.6019170 83.00 330.0 20141001 172935 1 1  
1439141 114.2082060 22.6654620 0.00 90.0 20141001 174358 0 1  
1439141 114.2209470 22.6643680 79.00 80.0 20141001 174235 1 1  
1439141 114.2525940 22.6620430 76.00 80.0 20141001 174535 1 1  
1439141 114.2967000 22.6705470 76.00 60.0 20141001 175035 1 1  
1439141 114.3300090 22.6834930 0.00 50.0 20141001 175915 0 1  
1439141 114.3366010 22.6898610 0.00 30.0 20141001 180136 0 1  
1439141 114.3324660 22.6976340 0.00 20.0 20141001 180535 0 0  
1439141 114.3318860 22.6985030 26.00 310.0 20141001 180735 1 0  
1439141 114.3166500 22.7064440 0.00 300.0 20141001 181035 0 0  
1439141 114.3041840 22.7147850 0.00 330.0 20141001 181423 0 0  
1439141 114.2990950 22.7210540 50.00 300.0 20141001 181335 1 0  
1439141 114.2825850 22.7280730 0.00 290.0 20141001 181835 0 1  
1439141 114.2204280 22.6780400 66.00 210.0 20141001 183935 1 1  
1439141 114.2052310 22.6527670 45.00 220.0 20141001 184335 1 1  
1439141 114.1908800 22.6441480 43.00 250.0 20141001 184734 1 0  
1439141 114.1819840 22.6398070 0.00 240.0 20141001 185151 0 0  
1439141 114.1686940 22.6360820 59.00 250.0 20141001 185134 1 0  
1439141 114.1485750 22.6233560 0.00 260.0 20141001 185624 0 1  
1439141 114.1391910 22.6224310 35.00 250.0 20141001 185534 1 1  
1439141 114.1391910 22.6224310 0.00 250.0 20141001 185811 0 1  
1439141 114.1077350 22.5676440 0.00 0.0 20141001 190834 0 1  
1439141 114.1077350 22.5676440 0.00 0.0 20141001 190834 0 0  
1439141 114.1009450 22.5470050 11.00 40.0 20141001 193434 1 1  
1439141 114.1009450 22.5470050 0.00 40.0 20141001 194128 0 1  
1439141 114.1200060 22.5383450 1.00 60.0 20141001 195344 0 1  
1439141 114.1198120 22.5410750 0.00 20.0 20141001 195544 0 1  
1439141 114.1188130 22.5428430 30.00 300.0 20141001 195644 1 1  
1439141 114.1225740 22.5484940 1.00 80.0 20141001 200144 0 1  
1439141 114.1226580 22.5500060 5.00 340.0 20141001 200444 1 1  
1439141 114.1224900 22.5501260 0.00 340.0 20141001 200801 0 1  
1439141 114.1224820 22.5503030 0.00 340.0 20141001 200650 0 0  
1439141 114.1212360 22.5523170 0.00 0.0 20141001 201153 0 1  
1439141 114.1198120 22.5521930 16.00 260.0 20141001 201144 1 1  
1439141 114.1198960 22.5556830 0.00 30.0 20141001 201353 0 1  
1439141 114.1259840 22.5482560 15.00 180.0 20141001 201544 1 1  
1439141 114.1185990 22.5588740 0.00 70.0 20141001 205918 0 1  
1439141 114.1203720 22.5715040 19.00 250.0 20141001 210644 1 0  
1439141 114.1153640 22.5582370 0.00 150.0 20141001 213301 0 0  
1439141 114.0878600 22.5669170 48.00 260.0 20141001 214043 1 1  
1439141 114.0470660 22.5674360 7.00 230.0 20141001 214543 1 1  
1439141 114.0152590 22.5562020 43.00 160.0 20141001 215143 1 1  
1439141 114.0101470 22.5526200 30.00 80.0 20141001 215443 1 1  
1439141 114.1070860 22.5418850 37.00 80.0 20141001 222743 1 0  
1439141 114.1176990 22.5520800 3.00 200.0 20141001 231343 0 0  
1439141 114.1165540 22.5503670 1.00 220.0 20141001 231643 0 0  
1439141 114.1083910 22.5760420 39.00 230.0 20141001 232743 1 1  
1439141 114.0998460 22.5715960 54.00 280.0 20141001 232843 1 1  
1439141 114.1047130 22.6094670 1.00 350.0 20141001 233507 0 0  
1439141 114.1122670 22.6009730 23.00 20.0 20141001 234443 1 1  
1439141 114.1122670 22.6009730 23.00 20.0 20141001 234443 1 1  
1439141 114.1115650 22.6079690 31.00 320.0 20141001 234643 1 1  
1439141 114.1161650 22.6096420 0.00 80.0 20141001 235354 0 1  
